Er [keV]		dN_dEr [1 / (keV t yr)]
1.000000e-02	1.764396e+00
1.023789e-02	1.764373e+00
1.048143e-02	1.764351e+00
1.073077e-02	1.764328e+00
1.098604e-02	1.764304e+00
1.124739e-02	1.764280e+00
1.151495e-02	1.764255e+00
1.178888e-02	1.764229e+00
1.206932e-02	1.764203e+00
1.235643e-02	1.764177e+00
1.265037e-02	1.764149e+00
1.295131e-02	1.764121e+00
1.325941e-02	1.764093e+00
1.357483e-02	1.764063e+00
1.389776e-02	1.764033e+00
1.422837e-02	1.764003e+00
1.456684e-02	1.763971e+00
1.491337e-02	1.763939e+00
1.526814e-02	1.763906e+00
1.563135e-02	1.763872e+00
1.600320e-02	1.763838e+00
1.638389e-02	1.763802e+00
1.677365e-02	1.763766e+00
1.717267e-02	1.763729e+00
1.758118e-02	1.763691e+00
1.799942e-02	1.763652e+00
1.842760e-02	1.763612e+00
1.886597e-02	1.763572e+00
1.931477e-02	1.763530e+00
1.977424e-02	1.763487e+00
2.024465e-02	1.763444e+00
2.072624e-02	1.763399e+00
2.121929e-02	1.763353e+00
2.172407e-02	1.763306e+00
2.224086e-02	1.763258e+00
2.276994e-02	1.763209e+00
2.331161e-02	1.763159e+00
2.386616e-02	1.763107e+00
2.443390e-02	1.763054e+00
2.501516e-02	1.763000e+00
2.561023e-02	1.762945e+00
2.621947e-02	1.762888e+00
2.684320e-02	1.762831e+00
2.748176e-02	1.762771e+00
2.813552e-02	1.762711e+00
2.880483e-02	1.762648e+00
2.949006e-02	1.762585e+00
3.019159e-02	1.762520e+00
3.090980e-02	1.762453e+00
3.164511e-02	1.762385e+00
3.239791e-02	1.762315e+00
3.316861e-02	1.762243e+00
3.395765e-02	1.762170e+00
3.476546e-02	1.762095e+00
3.559248e-02	1.762018e+00
3.643918e-02	1.761939e+00
3.730602e-02	1.761859e+00
3.819349e-02	1.761777e+00
3.910206e-02	1.761692e+00
4.003225e-02	1.761606e+00
4.098457e-02	1.761517e+00
4.195954e-02	1.761427e+00
4.295770e-02	1.761334e+00
4.397961e-02	1.761240e+00
4.502583e-02	1.761142e+00
4.609693e-02	1.761043e+00
4.719352e-02	1.760941e+00
4.831619e-02	1.760837e+00
4.946557e-02	1.760730e+00
5.064230e-02	1.760621e+00
5.184701e-02	1.760510e+00
5.308038e-02	1.760395e+00
5.434310e-02	1.760278e+00
5.563585e-02	1.760158e+00
5.695936e-02	1.760035e+00
5.831435e-02	1.759910e+00
5.970157e-02	1.759781e+00
6.112179e-02	1.759649e+00
6.257580e-02	1.759514e+00
6.406440e-02	1.759376e+00
6.558841e-02	1.759235e+00
6.714867e-02	1.759090e+00
6.874606e-02	1.758942e+00
7.038144e-02	1.758791e+00
7.205572e-02	1.758636e+00
7.376983e-02	1.758477e+00
7.552472e-02	1.758314e+00
7.732136e-02	1.758148e+00
7.916074e-02	1.757977e+00
8.104387e-02	1.757803e+00
8.297180e-02	1.757624e+00
8.494559e-02	1.757441e+00
8.696634e-02	1.757254e+00
8.903515e-02	1.757063e+00
9.115319e-02	1.756866e+00
9.332160e-02	1.756666e+00
9.554160e-02	1.756460e+00
9.781442e-02	1.756250e+00
1.001413e-01	1.756034e+00
1.025235e-01	1.755814e+00
1.049624e-01	1.755588e+00
1.074594e-01	1.755357e+00
1.100157e-01	1.755121e+00
1.126328e-01	1.754878e+00
1.153122e-01	1.754631e+00
1.180553e-01	1.754377e+00
1.208637e-01	1.754117e+00
1.237389e-01	1.753851e+00
1.266825e-01	1.753579e+00
1.296961e-01	1.753301e+00
1.327814e-01	1.753015e+00
1.359401e-01	1.752724e+00
1.391739e-01	1.752425e+00
1.424847e-01	1.752119e+00
1.458742e-01	1.751806e+00
1.493444e-01	1.751485e+00
1.528971e-01	1.751157e+00
1.565343e-01	1.750822e+00
1.602581e-01	1.750478e+00
1.640704e-01	1.750126e+00
1.679735e-01	1.749766e+00
1.719693e-01	1.749397e+00
1.760603e-01	1.749020e+00
1.802485e-01	1.748634e+00
1.845364e-01	1.748238e+00
1.889263e-01	1.747834e+00
1.934206e-01	1.747420e+00
1.980218e-01	1.746996e+00
2.027325e-01	1.746562e+00
2.075552e-01	1.746117e+00
2.124927e-01	1.745663e+00
2.175476e-01	1.745197e+00
2.227228e-01	1.744721e+00
2.280211e-01	1.744234e+00
2.334454e-01	1.743735e+00
2.389988e-01	1.743224e+00
2.446843e-01	1.742701e+00
2.505050e-01	1.742166e+00
2.564642e-01	1.741619e+00
2.625652e-01	1.741058e+00
2.688112e-01	1.740485e+00
2.752059e-01	1.739898e+00
2.817527e-01	1.739297e+00
2.884553e-01	1.738682e+00
2.953172e-01	1.738052e+00
3.023425e-01	1.737408e+00
3.095348e-01	1.736749e+00
3.168982e-01	1.736074e+00
3.244368e-01	1.735384e+00
3.321548e-01	1.734677e+00
3.400563e-01	1.733954e+00
3.481458e-01	1.733214e+00
3.564277e-01	1.732456e+00
3.649067e-01	1.731681e+00
3.735874e-01	1.730888e+00
3.824745e-01	1.730076e+00
3.915731e-01	1.729245e+00
4.008881e-01	1.728395e+00
4.104247e-01	1.727525e+00
4.201882e-01	1.726635e+00
4.301840e-01	1.725724e+00
4.404175e-01	1.724792e+00
4.508945e-01	1.723838e+00
4.616207e-01	1.722862e+00
4.726020e-01	1.721863e+00
4.838446e-01	1.720841e+00
4.953547e-01	1.719795e+00
5.071385e-01	1.718725e+00
5.192027e-01	1.717630e+00
5.315538e-01	1.716509e+00
5.441988e-01	1.715363e+00
5.571446e-01	1.714190e+00
5.703984e-01	1.712990e+00
5.839674e-01	1.711762e+00
5.978593e-01	1.710506e+00
6.120816e-01	1.709221e+00
6.266422e-01	1.707906e+00
6.415492e-01	1.706561e+00
6.568108e-01	1.705185e+00
6.724355e-01	1.703777e+00
6.884319e-01	1.702337e+00
7.048088e-01	1.700863e+00
7.215753e-01	1.699356e+00
7.387407e-01	1.697814e+00
7.563144e-01	1.696237e+00
7.743061e-01	1.694623e+00
7.927259e-01	1.692973e+00
8.115838e-01	1.691285e+00
8.308903e-01	1.689558e+00
8.506561e-01	1.687792e+00
8.708922e-01	1.685985e+00
8.916096e-01	1.684138e+00
9.128198e-01	1.682248e+00
9.345346e-01	1.680315e+00
9.567660e-01	1.678338e+00
9.795262e-01	1.676317e+00
1.002828e+00	1.674250e+00
1.026684e+00	1.672136e+00
1.051107e+00	1.669974e+00
1.076112e+00	1.667763e+00
1.101711e+00	1.665503e+00
1.127920e+00	1.663191e+00
1.154751e+00	1.660828e+00
1.182221e+00	1.658411e+00
1.210345e+00	1.655940e+00
1.239137e+00	1.653414e+00
1.268615e+00	1.650832e+00
1.298794e+00	1.648191e+00
1.329690e+00	1.645492e+00
1.361322e+00	1.642733e+00
1.393706e+00	1.639912e+00
1.426860e+00	1.637029e+00
1.460804e+00	1.634082e+00
1.495554e+00	1.631070e+00
1.531132e+00	1.627991e+00
1.567555e+00	1.624845e+00
1.604845e+00	1.621629e+00
1.643023e+00	1.618343e+00
1.682108e+00	1.614985e+00
1.722123e+00	1.611553e+00
1.763090e+00	1.608047e+00
1.805032e+00	1.604464e+00
1.847971e+00	1.600804e+00
1.891932e+00	1.597064e+00
1.936939e+00	1.593243e+00
1.983016e+00	1.589340e+00
2.030190e+00	1.585353e+00
2.078485e+00	1.581281e+00
2.127930e+00	1.577121e+00
2.178550e+00	1.572873e+00
2.230375e+00	1.568534e+00
2.283433e+00	1.564103e+00
2.337753e+00	1.559579e+00
2.393365e+00	1.554959e+00
2.450300e+00	1.550242e+00
2.508590e+00	1.545425e+00
2.568266e+00	1.540509e+00
2.629362e+00	1.535490e+00
2.691911e+00	1.530367e+00
2.755948e+00	1.525137e+00
2.821508e+00	1.519800e+00
2.888628e+00	1.514354e+00
2.957345e+00	1.508796e+00
3.027697e+00	1.503125e+00
3.099722e+00	1.497339e+00
3.173460e+00	1.491436e+00
3.248952e+00	1.485414e+00
3.326241e+00	1.479271e+00
3.405368e+00	1.473006e+00
3.486377e+00	1.466617e+00
3.569314e+00	1.460102e+00
3.654223e+00	1.453458e+00
3.741152e+00	1.446685e+00
3.830150e+00	1.439779e+00
3.921264e+00	1.432741e+00
4.014546e+00	1.425566e+00
4.110047e+00	1.418255e+00
4.207819e+00	1.410804e+00
4.307918e+00	1.403213e+00
4.410398e+00	1.395479e+00
4.515316e+00	1.387601e+00
4.622729e+00	1.379576e+00
4.732698e+00	1.371404e+00
4.845283e+00	1.363083e+00
4.960546e+00	1.354610e+00
5.078551e+00	1.345985e+00
5.199363e+00	1.337206e+00
5.323049e+00	1.328271e+00
5.449678e+00	1.319179e+00
5.579318e+00	1.309929e+00
5.712043e+00	1.300519e+00
5.847925e+00	1.290947e+00
5.987040e+00	1.281214e+00
6.129464e+00	1.271317e+00
6.275276e+00	1.261256e+00
6.424557e+00	1.251029e+00
6.577389e+00	1.240636e+00
6.733857e+00	1.230076e+00
6.894046e+00	1.219348e+00
7.058047e+00	1.208451e+00
7.225949e+00	1.197386e+00
7.397845e+00	1.186152e+00
7.573830e+00	1.174748e+00
7.754002e+00	1.163174e+00
7.938460e+00	1.151431e+00
8.127305e+00	1.139519e+00
8.320643e+00	1.127437e+00
8.518581e+00	1.115187e+00
8.721227e+00	1.102768e+00
8.928694e+00	1.090182e+00
9.141096e+00	1.077430e+00
9.358551e+00	1.064513e+00
9.581179e+00	1.051432e+00
9.809103e+00	1.038188e+00
1.004245e+01	1.024784e+00
1.028135e+01	1.011221e+00
1.052593e+01	9.975011e-01
1.077632e+01	9.836273e-01
1.103268e+01	9.696018e-01
1.129513e+01	9.554275e-01
1.156383e+01	9.411076e-01
1.183892e+01	9.266453e-01
1.212055e+01	9.120442e-01
1.240888e+01	8.973082e-01
1.270407e+01	8.824414e-01
1.300629e+01	8.674483e-01
1.331569e+01	8.523336e-01
1.363245e+01	8.371021e-01
1.395675e+01	8.217593e-01
1.428877e+01	8.063107e-01
1.462868e+01	7.907621e-01
1.497667e+01	7.751198e-01
1.533295e+01	7.593903e-01
1.569770e+01	7.435803e-01
1.607113e+01	7.276970e-01
1.645344e+01	7.117479e-01
1.684485e+01	6.957406e-01
1.724556e+01	6.796834e-01
1.765581e+01	6.635844e-01
1.807582e+01	6.474526e-01
1.850582e+01	6.312968e-01
1.894605e+01	6.151263e-01
1.939676e+01	5.989508e-01
1.985818e+01	5.827802e-01
2.033058e+01	5.666246e-01
2.081422e+01	5.504945e-01
2.130936e+01	5.344006e-01
2.181629e+01	5.183539e-01
2.233527e+01	5.023655e-01
2.286659e+01	4.864470e-01
2.341056e+01	4.706098e-01
2.396747e+01	4.548660e-01
2.453762e+01	4.392273e-01
2.512134e+01	4.237060e-01
2.571895e+01	4.083142e-01
2.633077e+01	3.930644e-01
2.695714e+01	3.779690e-01
2.759842e+01	3.630403e-01
2.825495e+01	3.482909e-01
2.892710e+01	3.337332e-01
2.961524e+01	3.193795e-01
3.031975e+01	3.052423e-01
3.104101e+01	2.913336e-01
3.177944e+01	2.776654e-01
3.253543e+01	2.642496e-01
3.330941e+01	2.510977e-01
3.410180e+01	2.382209e-01
3.491303e+01	2.256303e-01
3.574357e+01	2.133362e-01
3.659386e+01	2.013490e-01
3.746438e+01	1.896782e-01
3.835561e+01	1.783330e-01
3.926804e+01	1.673221e-01
4.020218e+01	1.566535e-01
4.115854e+01	1.463345e-01
4.213765e+01	1.363719e-01
4.314005e+01	1.267715e-01
4.416630e+01	1.175387e-01
4.521695e+01	1.086777e-01
4.629261e+01	1.001922e-01
4.739385e+01	9.208480e-02
4.852129e+01	8.435732e-02
4.967555e+01	7.701059e-02
5.085727e+01	7.004449e-02
5.206709e+01	6.345794e-02
5.330570e+01	5.724887e-02
5.457378e+01	5.141419e-02
5.587202e+01	4.594983e-02
5.720114e+01	4.085071e-02
5.856188e+01	3.611075e-02
5.995500e+01	3.172291e-02
6.138125e+01	2.767914e-02
6.284143e+01	2.397051e-02
6.433635e+01	2.058715e-02
6.586683e+01	1.751833e-02
6.743371e+01	1.475251e-02
6.903787e+01	1.227737e-02
7.068020e+01	1.007992e-02
7.236159e+01	8.146480e-03
7.408298e+01	6.462843e-03
7.584532e+01	5.014294e-03
7.764958e+01	3.785716e-03
7.949676e+01	2.761674e-03
8.138789e+01	1.926505e-03
8.332400e+01	1.264418e-03
8.530617e+01	7.595895e-04
8.733550e+01	3.962620e-04
8.941310e+01	1.588475e-04
9.154012e+01	3.202644e-05
9.371774e+01	8.466238e-07
9.594717e+01	5.082023e-05
9.822963e+01	1.680165e-04
1.005664e+02	3.391499e-04
1.029587e+02	5.516626e-04
1.054080e+02	7.937992e-04
1.079155e+02	1.054674e-03
1.104827e+02	1.324329e-03
1.131109e+02	1.593782e-03
1.158017e+02	1.855061e-03
1.185565e+02	2.101233e-03
1.213768e+02	2.326415e-03
1.242642e+02	2.525775e-03
1.272202e+02	2.695520e-03
1.302466e+02	2.832870e-03
1.333450e+02	2.936023e-03
1.365172e+02	3.004105e-03
1.397647e+02	3.037111e-03
1.430895e+02	3.035830e-03
1.464935e+02	3.001772e-03
1.499784e+02	2.937077e-03
1.535461e+02	2.844419e-03
1.571988e+02	2.726915e-03
1.609384e+02	2.588015e-03
1.647669e+02	2.431410e-03
1.686865e+02	2.260921e-03
1.726993e+02	2.080410e-03
1.768076e+02	1.893682e-03
1.810136e+02	1.704404e-03
1.853197e+02	1.516021e-03
1.897282e+02	1.331692e-03
1.942416e+02	1.154237e-03
1.988624e+02	9.860847e-04
2.035931e+02	8.292509e-04
2.084363e+02	6.853077e-04
2.133947e+02	5.553826e-04
2.184711e+02	4.401663e-04
2.236683e+02	3.399316e-04
2.289890e+02	2.545616e-04
2.344364e+02	1.835883e-04
2.400133e+02	1.262384e-04
2.457229e+02	8.148495e-05
2.515684e+02	4.810240e-05
2.575529e+02	2.472400e-05
2.636797e+02	9.898581e-06
2.699523e+02	2.145300e-06
2.763741e+02	4.414775e-09
2.829487e+02	2.082557e-06
2.896797e+02	7.091254e-06
2.965708e+02	1.387774e-05
3.036259e+02	2.144748e-05
3.108487e+02	2.897820e-05
3.182434e+02	3.582555e-05
3.258140e+02	4.152097e-05
3.335647e+02	4.576248e-05
3.414998e+02	4.839963e-05
3.496236e+02	4.941365e-05
3.579407e+02	4.889447e-05
3.664557e+02	4.701586e-05
3.751732e+02	4.401016e-05
3.840981e+02	4.014395e-05
3.932353e+02	3.569574e-05
4.025899e+02	3.093669e-05
4.121669e+02	2.611482e-05
4.219719e+02	2.144340e-05
4.320100e+02	1.709333e-05
4.422870e+02	1.318957e-05
4.528084e+02	9.811108e-06
4.635802e+02	6.994022e-06
4.746082e+02	4.736842e-06
4.858985e+02	3.007561e-06
4.974574e+02	1.751491e-06
5.092912e+02	8.992746e-07
5.214066e+02	3.744397e-07
5.338102e+02	1.000137e-07
5.465089e+02	3.868251e-09
5.595096e+02	2.260950e-08
5.728196e+02	1.039833e-07
5.864463e+02	2.078904e-07
6.003971e+02	3.062064e-07
6.146798e+02	3.816697e-07
6.293022e+02	4.261324e-07
6.442725e+02	4.384692e-07
6.595989e+02	4.224122e-07
6.752899e+02	3.845307e-07
6.913542e+02	3.325135e-07
7.078006e+02	2.738464e-07
7.246383e+02	2.149165e-07
7.418765e+02	1.605229e-07
7.595248e+02	1.137317e-07
7.775929e+02	7.599506e-08
7.960909e+02	4.744092e-08
8.150289e+02	2.724638e-08
8.344174e+02	1.402156e-08
8.542671e+02	6.149717e-09
8.745890e+02	2.050988e-09
8.953943e+02	3.572094e-10
9.166946e+02	1.254405e-12
9.385016e+02	2.356458e-10
9.608274e+02	6.009346e-10
9.836842e+02	8.654004e-10
1.007085e+03	9.550685e-10
1.031042e+03	8.882803e-10
1.055569e+03	7.234963e-10
1.080680e+03	5.237976e-10
1.106388e+03	3.374665e-10
1.132707e+03	1.914199e-10
1.159653e+03	9.314247e-11
1.187240e+03	3.685230e-11
1.215483e+03	1.050501e-11
1.244397e+03	1.478839e-12
1.274000e+03	0.000000e+00
